@name
SELF-TEST DIAGNOSTIC

@description
READ A VALUE FROM IN.X AND WRITE THE VALUE TO OUT.X
READ A VALUE FROM IN.A AND WRITE THE VALUE TO OUT.A

@stream
STREAM_INPUT
IN.X
0
45
56
98
25
34
6
91
57
27
24
39
75
36
65
65
90
79
71
35
84
33
26
52
20
18
91
80
53
1
51
96
64
35
16
95
1
18
23
92
60
52
9
33
86
22
15
60
91
45
73
31
34
9
30
12
14
32
99
83
95
93
17
70
96
76
32
60
57
45
62
63
33
18
66
56
52
77
1
35
76
34
30
74
30
44
49
52
47
60
68
83
12
5
39
13
68
85
77
55
90

@stream
STREAM_INPUT
IN.A
3
86
66
71
0
22
90
39
23
88
65
60
32
60
30
34
84
38
92
79
23
48
41
2
56
69
14
34
62
99
27
68
95
93
88
27
17
13
93
33
92
49
97
47
9
80
94
26
83
85
50
59
38
72
94
48
36
98
42
65
67
31
99
42
45
42
9
53
74
16
54
58
56
40
96
30
87
87
92
48
66
66
67
1
33
33
80
97
21
7
75
18
12
12
40
67
48
86
70
64
45

@stream
STREAM_OUTPUT
OUT.X
0
45
56
98
25
34
6
91
57
27
24
39
75
36
65
65
90
79
71
35
84
33
26
52
20
18
91
80
53
1
51
96
64
35
16
95
1
18
23
92
60
52
9
33
86
22
15
60
91
45
73
31
34
9
30
12
14
32
99
83
95
93
17
70
96
76
32
60
57
45
62
63
33
18
66
56
52
77
1
35
76
34
30
74
30
44
49
52
47
60
68
83
12
5
39
13
68
85
77
55
90

@stream
STREAM_OUTPUT
OUT.A
3
86
66
71
0
22
90
39
23
88
65
60
32
60
30
34
84
38
92
79
23
48
41
2
56
69
14
34
62
99
27
68
95
93
88
27
17
13
93
33
92
49
97
47
9
80
94
26
83
85
50
59
38
72
94
48
36
98
42
65
67
31
99
42
45
42
9
53
74
16
54
58
56
40
96
30
87
87
92
48
66
66
67
1
33
33
80
97
21
7
75
18
12
12
40
67
48
86
70
64
45

@layout
TILE_COMPUTE
TILE_DAMAGED
TILE_COMPUTE
TILE_COMPUTE
TILE_COMPUTE
TILE_DAMAGED
TILE_COMPUTE
TILE_DAMAGED
TILE_COMPUTE
TILE_DAMAGED
TILE_COMPUTE
TILE_COMPUTE

