@name
SIGNAL AMPLIFIER

@description
READ A VALUE FROM IN.A
DOUBLE THE VALUE
WRITE THE VALUE TO OUT.A

@stream
STREAM_INPUT
IN.A
1
0
55
28
80
48
85
3
45
11
58
71
25
78
93
72
57
9
8
93
32
52
52
31
5
57
88
58
88
56
24
59
81
78
60
32
37
25
57
85
45
97
19
24
81
43
75
28
57
78
2
98
52
98
28
93
46
87
66
62
50
17
96
44
15
9
26
22
30
87
21
93
32
36
22
37
2
24
43
84
51
52
1
61
41
93
94
19
62
65
88
72
48
51
72
42
78
52
39
8
79

@stream
STREAM_OUTPUT
OUT.A
2
0
110
56
160
96
170
6
90
22
116
142
50
156
186
144
114
18
16
186
64
104
104
62
10
114
176
116
176
112
48
118
162
156
120
64
74
50
114
170
90
194
38
48
162
86
150
56
114
156
4
196
104
196
56
186
92
174
132
124
100
34
192
88
30
18
52
44
60
174
42
186
64
72
44
74
4
48
86
168
102
104
2
122
82
186
188
38
124
130
176
144
96
102
144
84
156
104
78
16
158

@layout
TILE_COMPUTE
TILE_COMPUTE
TILE_COMPUTE
TILE_DAMAGED
TILE_COMPUTE
TILE_COMPUTE
TILE_COMPUTE
TILE_COMPUTE
TILE_DAMAGED
TILE_COMPUTE
TILE_COMPUTE
TILE_COMPUTE

