@name
DIFFERENTIAL CONVERTER

@description
READ VALUES FROM IN.A AND IN.B
WRITE IN.A - IN.B TO OUT.P
WRITE IN.B - IN.A TO OUT.N

@stream
STREAM_INPUT
IN.A
1
51
50
54
77
94
70
75
54
22
93
92
98
89
68
48
25
91
99
40
79
84
0
65
17
17
41
61
33
52
83
94
93
15
35
1
53
86
8
31
18
28
34
54
12
41
91
2
42
73
11
84
4
28
4
60
21
14
21
55
65
93
37
38
34
92
63
2
75
59
36
39
53
95
54
27
3
83
46
94
70
30
21
89
36
82
42
35
10
28
41
94
33
9
38
19
15
2
60
98
50

@stream
STREAM_INPUT
IN.B
2
74
25
62
58
61
42
85
60
65
67
62
73
2
94
55
46
31
44
96
9
87
36
71
42
70
33
8
15
80
77
96
42
74
84
71
45
94
53
6
91
95
65
91
24
63
59
19
88
36
77
39
32
20
66
35
62
5
10
47
6
19
48
16
87
88
5
70
75
7
19
67
18
40
3
59
16
69
19
76
12
22
74
66
79
92
93
66
36
39
18
93
25
41
16
21
96
4
98
23
47

@stream
STREAM_OUTPUT
OUT.P
1
-23
25
-8
19
33
28
-10
-6
-43
26
30
25
87
-26
-7
-21
60
55
-56
70
-3
-36
-6
-25
-53
8
53
18
-28
6
-2
51
-59
-49
-70
8
-8
-45
25
-73
-67
-31
-37
-12
-22
32
-17
-46
37
-66
45
-28
8
-62
25
-41
9
11
8
59
74
-11
22
-53
4
58
-68
0
52
17
-28
35
55
51
-32
-13
14
27
18
58
8
-53
23
-43
-10
-51
-31
-26
-11
23
1
8
-32
22
-2
-81
-2
-38
75
3

@stream
STREAM_OUTPUT
OUT.N
2
23
-25
8
-19
-33
-28
10
6
43
-26
-30
-25
-87
26
7
21
-60
-55
56
-70
3
36
6
25
53
-8
-53
-18
28
-6
2
-51
59
49
70
-8
8
45
-25
73
67
31
37
12
22
-32
17
46
-37
66
-45
28
-8
62
-25
41
-9
-11
-8
-59
-74
11
-22
53
-4
-58
68
0
-52
-17
28
-35
-55
-51
32
13
-14
-27
-18
-58
-8
53
-23
43
10
51
31
26
11
-23
-1
-8
32
-22
2
81
2
38
-75
-3

@layout
TILE_COMPUTE
TILE_COMPUTE
TILE_COMPUTE
TILE_COMPUTE
TILE_COMPUTE
TILE_COMPUTE
TILE_COMPUTE
TILE_DAMAGED
TILE_COMPUTE
TILE_COMPUTE
TILE_COMPUTE
TILE_COMPUTE

