@name
SIGNAL MULTIPLEXER

@description
READ VALUES FROM IN.A AND IN.B
READ A VALUE FROM IN.S
WRITE IN.A WHEN IN.S = -1
WRITE IN.B WHEN IN.S = 1
WHEN IN.A + IN.B WHEN IN.S = 0

@stream
STREAM_INPUT
IN.A
1
0
-58
-92
-65
-97
-84
-66
-90
-92
-54
-14
-15
-62
-64
-88
-57
-69
-15
-5
-48
-3
-41
-39
-92
-47
-78
-60
-90
-70
-21
-99
-15
-41
-18
-66
-45
0
-8
-33
-98
-79
-23
-58
-42
-26
-40
-58
-94
-44
-41
-41
-11
-89
-82
-47
-62
-33
-40
-62
-86
-90
-24
-74
-55
-28
-5
-89
-48
-64
-93
-68
-53
-99
-71
-30
-58
-97
-1
-50
-58
-11
-66
-34
-59
-53
-59
-4
-2
-86
-83
-81
0
-27
-27
-6
-1
-28
-98
-63
-81

@stream
STREAM_INPUT
IN.S
2
1
-1
0
0
0
-1
1
0
0
-1
-1
1
0
-1
1
-1
0
0
0
-1
0
1
-1
0
1
0
0
-1
1
1
0
-1
-1
0
1
-1
1
0
0
1
-1
1
0
1
1
0
0
0
0
1
0
-1
-1
0
-1
-1
0
0
-1
1
1
-1
-1
0
1
1
1
0
-1
1
1
1
0
0
-1
1
-1
1
0
1
1
1
0
-1
0
1
1
0
0
-1
1
0
0
-1
0
0
1
1
-1
-1

@stream
STREAM_INPUT
IN.B
3
71
69
93
20
52
28
76
45
78
16
58
56
27
75
9
71
42
45
57
67
85
24
14
41
36
71
66
42
29
37
36
71
94
62
59
94
44
98
61
12
18
85
32
47
82
9
83
63
36
7
8
51
69
74
42
22
6
3
35
57
16
23
54
96
86
83
8
12
41
17
51
78
16
32
81
9
78
49
17
54
58
76
60
38
85
79
40
82
12
22
78
19
55
99
47
31
69
44
19
26

@stream
STREAM_OUTPUT
OUT
2
71
-58
1
-45
-45
-84
76
-45
-14
-54
-14
56
-35
-64
9
-57
-27
30
52
-48
82
24
-39
-51
36
-7
6
-90
29
37
-63
-15
-41
44
59
-45
44
90
28
12
-79
85
-26
47
82
-31
25
-31
-8
7
-33
-11
-89
-8
-47
-62
-27
-37
-62
57
16
-24
-74
41
86
83
8
-36
-64
17
51
78
-83
-39
-30
9
-97
49
-33
54
58
76
26
-59
32
79
40
80
-74
-83
78
19
28
-27
41
30
69
44
-63
-81

@layout
TILE_COMPUTE
TILE_COMPUTE
TILE_COMPUTE
TILE_COMPUTE
TILE_COMPUTE
TILE_COMPUTE
TILE_COMPUTE
TILE_COMPUTE
TILE_DAMAGED
TILE_COMPUTE
TILE_COMPUTE
TILE_COMPUTE

