@name
SEQUENCE GENERATOR

@description
SEQUENCE ARE ZERO-TERMINATED
READ VALUES FROM IN.A AND IN.B
WRITE THE LESSER VALUE TO OUT
WRITE THE GREATER VALUE TO OUT
WRITE 0 TO END THE SEQUENCE

@stream
STREAM_INPUT
IN.A
1
88
68
20
66
77
84
60
19
61
64
51
48
33
51
23
85
60
73
72
74
36
36
47
12
68
68
52
22
88
91
65
28
73
94
27
70
49
80
4
5
63
89
77
69
37
65
76
14
88
31
57
33
19
80
24
55
43
86
30
13
40
28
50
91
39
28
80
64
27
99
8
41
98
91
6
27
57
10
51
0
53
37
59
29
72
67
66
1
86
78
48
65
33
36
33
23
93
32
9
40

@stream
STREAM_INPUT
IN.B
2
55
16
18
41
77
22
75
45
17
79
41
33
21
84
54
77
61
34
51
90
33
76
98
65
84
4
66
19
28
28
96
19
86
66
21
78
78
85
13
68
33
35
23
41
23
51
30
79
29
29
56
67
31
15
77
99
3
8
74
35
17
61
65
2
4
23
76
21
70
30
37
75
68
56
77
54
5
20
10
32
72
83
97
49
93
51
93
56
75
37
55
67
52
25
58
55
90
65
49
99

@stream
STREAM_OUTPUT
OUT
2
55
88
0
16
68
0
18
20
0
41
66
0
77
77
0
22
84
0
60
75
0
19
45
0
17
61
0
64
79
0
41
51
0
33
48
0
21
33
0
51
84
0
23
54
0
77
85
0
60
61
0
34
73
0
51
72
0
74
90
0
33
36
0
36
76
0
47
98
0
12
65
0
68
84
0
4
68
0
52
66
0
19
22
0
28
88
0
28
91
0
65
96
0
19
28
0
73
86
0
66
94
0
21
27
0
70
78
0
49
78
0
80
85
0
4
13
0
5
68
0
33
63
0
35
89
0
23
77
0
41
69
0
23
37
0
51
65
0
30
76
0
14
79
0
29
88
0
29
31
0
56
57
0
33
67
0
19
31
0
15
80
0
24
77
0
55
99
0
3
43
0
8
86
0
30
74
0
13
35
0
17
40
0
28
61
0
50
65
0
2
91
0
4
39
0
23
28
0
76
80
0
21
64
0
27
70
0
30
99
0
8
37
0
41
75
0
68
98
0
56
91
0
6
77
0
27
54
0
5
57
0
10
20
0
10
51
0
0
32
0
53
72
0
37
83
0
59
97
0
29
49
0
72
93
0
51
67
0
66
93
0
1
56
0
75
86
0
37
78
0
48
55
0
65
67
0
33
52
0
25
36
0
33
58
0
23
55
0
90
93
0
32
65
0
9
49
0
40
99
0

@layout
TILE_COMPUTE
TILE_COMPUTE
TILE_COMPUTE
TILE_COMPUTE
TILE_COMPUTE
TILE_COMPUTE
TILE_COMPUTE
TILE_COMPUTE
TILE_COMPUTE
TILE_DAMAGED
TILE_COMPUTE
TILE_COMPUTE

